[-5.2861873226111635, 5.282067323831903, 6.871471297341838, 0.53]
[-4.379329813531907, 0.9432508316293831, -1.838206122013001, 0.53]
[-4.195303201391644, -4.659947508163701, 1.242179631946776, 0.53]
[-3.7068544572283093, -3.9632099368266855, -1.1899929807428204, 0.53]
[1.0856196783349112, 7.223960081789604, -2.6878414258247627, 0.53]
[1.3740195928830836, -4.966658528397473, 7.347102267525253, 0.53]
[3.91788995025483, 1.1158330027161476, 5.400631733146152, 0.53]
[-6.6251869258705405, -6.502502517777032, -0.9986419263283182, 10000]
[-5.353022858363597, 6.944715720084233, -3.475218970305491, 10000]
[4.913556321909239, -6.300622577593311, 4.278160954618976, 10000]
[-5.2861873226111635, 5.282067323831903, 6.871471297341838, 0.53]
[-4.379329813531907, 0.9432508316293831, -1.838206122013001, 0.53]
[-4.377956480605487, -0.32845545823541933, 1.2568285164952542, 0.53]
[-4.195303201391644, -4.659947508163701, 1.242179631946776, 0.53]
[-3.7068544572283093, -3.9632099368266855, -1.1899929807428204, 0.53]
[-3.5969878231147194, 3.3456678975798813, -6.433835871456038, 0.53]
[-1.8281350138859214, -6.542329172643208, -0.6141087069307538, 0.53]
[1.0856196783349112, 7.223960081789604, -2.6878414258247627, 0.53]
[2.8288369396038693, 1.485259559923092, -1.8675038911099584, 0.53]
[-4.377956480605487, 7.223960081789604, -1.8675038911099584, 10000]
[-5.315485091708121, -4.659947508163701, -1.1020996734519493, 0.53]
[-5.2861873226111635, 3.0682546464430676, 1.257744071779534, 0.53]
[-5.2861873226111635, 5.282067323831903, 6.871471297341838, 0.53]
[-4.379329813531907, 0.9432508316293831, -1.838206122013001, 0.53]
[-4.377956480605487, -5.852916043580431, -0.9153263954588455, 0.53]
[-4.377956480605487, -0.32845545823541933, 1.2568285164952542, 0.53]
[-4.377956480605487, 5.296716208380381, -5.350276192510758, 0.53]
[-4.195303201391644, -4.659947508163701, 1.242179631946776, 0.53]
[-3.7068544572283093, -3.9632099368266855, -1.1899929807428204, 0.53]
[-2.772530289620655, -2.2218237861262855, -1.838206122013001, 0.53]
[-5.315485091708121, -4.659947508163701, -1.1020996734519493, 0.53]
[-5.315027314065981, -4.2058320871608625, 3.129139072847682, 0.53]
[-5.288018433179723, 2.8256324961088897, -0.16731772820215518, 0.53]
[-5.2861873226111635, 3.0682546464430676, 1.257744071779534, 0.53]
[-5.2861873226111635, 5.282067323831903, 6.871471297341838, 0.53]
[-4.379329813531907, 0.9432508316293831, -1.838206122013001, 0.53]
[-4.377956480605487, -5.852916043580431, -0.9153263954588455, 0.53]
[-4.34820093386639, 3.0682546464430676, -0.6882686849574267, 0.53]
[-5.2861873226111635, -6.321680349131748, 6.62884914700766, 10000]
[-4.379329813531907, -6.556978057191687, -1.5708639790032661, 10000]
[-5.315485091708121, -4.659947508163701, -1.1020996734519493, 0.53]
[-5.315027314065981, -4.2058320871608625, 3.129139072847682, 0.53]
[-5.315027314065981, 2.8256324961088897, 2.644810327463606, 0.53]
[-5.288018433179723, 2.8256324961088897, -0.16731772820215518, 0.53]
[-5.288018433179723, 3.074663533433027, -4.851756340220343, 0.53]
[-5.2861873226111635, 3.0682546464430676, 1.257744071779534, 0.53]
[-5.2861873226111635, 3.0682546464430676, 3.129139072847682, 0.53]
[-5.2861873226111635, 5.282067323831903, 6.871471297341838, 0.53]
[-5.315485091708121, 6.687444685201575, 7.347560045167393, 10000]
[-5.315485091708121, 7.039017914365061, 6.871471297341838, 10000]
[-5.317316202276681, -4.425565355388043, -4.855418561357463, 0.53]
[-5.317316202276681, -4.191183202612384, 3.1144901882992038, 0.53]
[-5.315485091708121, -4.659947508163701, -1.1020996734519493, 0.53]
[-5.315485091708121, -4.659947508163701, 6.878795739616077, 0.53]
[-5.315027314065981, -4.67459639271218, 3.1144901882992038, 0.53]
[-5.315027314065981, -4.2058320871608625, 3.129139072847682, 0.53]
[-5.315027314065981, 2.8256324961088897, 2.644810327463606, 0.53]
[-5.288018433179723, -4.2058320871608625, 2.644810327463606, 0.53]
[-5.288018433179723, 2.8256324961088897, -0.16731772820215518, 0.53]
[-5.288018433179723, 3.074663533433027, -4.851756340220343, 0.53]
