[-0.8289047894258328, 2.2454903388747223, 2793]
[0.8809465099120386, 2.1985482513128014, 4837]
[0.8826352188436024, 2.2002771675998787, 4993]
[0.8811609491414432, 2.2019792789832806, 4972]
[0.879445435306204, 2.2024215598939287, 4993]
[0.8792309960767994, 2.2024215598939287, 4971]
[0.8847796111376525, 2.2007060460586887, 4972]
[0.8826620237472778, 2.2024215598939287, 4993]
[0.8867363691059715, 2.198441031698099, 4993]
[0.8809465099120386, 2.202086498597983, 4991]
[0.8877817603493208, 2.202086498597983, 4971]
[0.8809465099120386, 2.2140012782817937, 4660]
[0.4941651523247552, 2.311919591408814, 4993]
[0.8811609491414432, 2.1986554709275037, 4972]
[0.4941651523247552, 2.3101571689921423, 4834]
[0.33198208263544826, 2.3396626667130755, 4819]
[0.8809465099120386, 2.2018720593685783, 4974]
[0.771153624456721, 2.2374019591906054, 4506]
[0.8811609491414432, 2.1990843493863146, 4506]
[0.8796866794392857, 2.20209990104982, 4971]
[0.8869240034317007, 2.202515377056793, 4974]
[0.935253244758834, 2.198776092994044, 4972]
[0.8867363691059715, 2.202528779508631, 4993]
[0.8908375193683407, 2.2002771675998787, 4972]
[0.8809465099120386, 2.202515377056793, 4972]
[0.8796598745356095, 2.198441031698099, 4974]
[0.3302665688002091, 2.353091923454558, 4972]
[0.8908375193683407, 2.2003709847627437, 4660]
[0.8877817603493208, 2.306732842547583, 4975]
[0.8814021932745248, 2.2002637651480406, 4993]
[0.8811609491414432, 2.202515377056793, 4506]
[0.8867095642022962, 2.200806564447473, 4972]
[0.061815458488927, 2.1968327374775622, 4974]
[0.879445435306204, 2.2024081574420906, 4993]
[0.938845101851367, 2.202086498597983, 4974]
[0.4409708209804979, 2.201992681435118, 4975]
[0.8809465099120386, 2.215716792117033, 4506]
[0.8871384426611053, 2.3117855668904363, 4660]
[0.8792578009804748, 2.1985482513128014, 4837]
[0.8809465099120386, 2.202528779508631, 4660]
[0.8817774619259833, 2.2262243143578733, 4838]
[0.879445435306204, 2.202086498597983, 4971]
[0.879445435306204, 2.1984544341499372, 4971]
[0.44692150959648425, 2.2293336831842456, 4660]
[0.0028178654988986196, 2.202515377056793, 4972]
[0.8811609491414432, 2.3123216649639486, 4991]
[1.045850277324421, 2.310498931514007, 4972]
[0.936111001676454, 2.2002771675998787, 4971]
[0.8792309960767994, 2.2023009378273883, 4993]
[0.8916952762859607, 2.23780403274574, 4682]
