[6.8707317073170735, 0.6998998641012797, 1096]
[6.036056076103282, -3.588906372934697, 812]
[6.963099921321794, 0.12923968242615036, 1194]
[6.3873328088119585, -2.1282097131821764, 881]
[6.672248050926257, 0.561283170016452, 1116]
[6.9295543952506975, 0.41808883484729265, 1035]
[6.863421786710536, 0.6968671768829129, 862]
[5.742028467205493, 4.252678635290753, 512]
[7.424011158000143, 0.8552678635290754, 1116]
[6.7474215006079685, -1.9439596595379438, 949]
[-5.152857449395608, -5.683706458765467, 2062]
[6.789407052428295, 0.42640011444102743, 1074]
[6.940326156927258, 0.3938130319719617, 1233]
[6.8707030970602965, 0.11831056433731568, 1174]
[-4.366461626493098, -5.6296330734568345, 2210]
[6.677812745869394, 0.3668335598311989, 1097]
[-4.544074100565053, -6.565946641871111, 1780]
[3.0092768757599586, -7.034968886345755, 68]
[-4.608389957799871, 6.483735069022245, 136]
[-3.3729132393963237, -5.644510406980903, 2218]
[6.995486731993418, 1.1395250697375001, 219]
[6.906523138545168, 0.4032258064516121, 594]
[-6.6715184893784425, -3.618875616908662, 1194]
[6.900286102567769, 0.37375724197124605, 959]
[-6.430219583720763, 2.249660253200773, 1045]
[-1.500615120520707, -6.6193333810170945, 1854]
[-3.317251984836564, -5.866354338030184, 2062]
[6.504820828266933, -2.176074672770188, 570]
[-6.832894642729419, 2.095851512767327, 1127]
[4.9884056934410985, 4.72049924898076, 999]
[-6.905893712896074, 0.9345182748015155, 645]
[6.512145054001859, -3.2952793076317857, 957]
[-4.202539160288964, -6.731242400400544, 1897]
[-4.202338888491524, -6.731285315785709, 1902]
[6.787347113940347, 0.6561261712323869, 1111]
[5.8593448251198055, 2.279414920248909, 862]
[6.977233388169658, 0.3478792647164006, 970]
[2.957778413561261, -6.816672627136828, 371]
[-1.215285029683141, -6.56847864959588, 108]
[6.991595737071739, 0.39710321150132355, 1111]
[1.957134682783778, -6.624783634933124, 22]
[6.4681424790787485, -2.1126171232386817, 886]
[0.10678063085616163, -7.454767184035477, 267]
[-3.3177097489449974, -7.045068306988055, 59]
[2.162599241828195, -6.698483656390816, 199]
[7.027573134968886, -0.24124883770831929, 879]
[5.858457907159716, -2.6867820613690014, 962]
[2.1960160217437945, -7.218489378442172, 499]
[4.124161361848222, -6.416129032258064, 732]
[6.8707317073170735, 0.389020813961805, 645]
[2.1724697804162787, -2.1689221085759245, 1045]
[-0.79771833202203, 0.6968671768829129, 1233]
[-3.3435162005579, -7.370753165009656, 1117]
[6.991595737071739, -5.862649309777555, 804]
[-2.9068664616264934, 0.9180387668979328, 1357]
[-2.377047421500608, -0.30469208211143695, 644]
[2.0745511765968097, -7.163371718761176, 1174]
[-1.4951362563479007, -6.679929904870896, 1208]
[5.858457907159716, -1.9543594878764043, 20]
[1.9854445318646725, 0.2166869322652163, 1781]
[6.6668550175237815, 4.486052499821186, 2347]
[6.760868321293183, 5.535176310707389, 1156]
[-3.376303554824405, -5.855096201988413, 1035]
[6.900286102567769, -2.1199985694871613, 804]
[-4.67086045347257, 0.6247836349331237, 1008]
[6.932887490165223, 0.4282168657463705, 107]
[1.9617266289964945, 0.36384378799799766, 689]
[6.6418496531006355, -5.866340032901795, 510]
[7.07696874329447, -7.037028824833703, 1006]
[2.9522709391316777, -7.034940276088978, 683]
[6.8248122451899, -7.098869894857306, 1096]
[6.043165724912381, -2.122058507975109, 460]
[6.920213146412989, -6.760725270009298, 1157]
[3.0429797582433302, 0.40479937057435045, 881]
[7.467656104713539, -4.048573063443245, 1233]
[7.391052142192976, -6.62413990415564, 502]
[6.870746012445462, 0.8456405121235964, 197]
[4.050919104498963, 0.9182247335669835, 531]
[3.0468707531650097, 3.0425076890065093, 478]
[4.827558829840497, -6.7347757671125095, 335]
[-3.3436020313282313, -4.934489664544739, 19]
[4.124161361848222, 4.432508404262929, 960]
[-4.5475073313782985, -2.30243187182605, 1141]
[3.009033688577354, -7.205486016737, 1580]
[3.690258207567412, -6.621579286174093, 143]
[1.994614119161719, 3.9017595307917894, 1173]
[6.9295257849939205, -6.8112366783491884, 324]
[5.034468206852155, -2.65007510192404, 1117]
[-5.606115442386096, 6.556519562263071, 216]
[-1.2808883484729279, -5.644510406980903, 657]
[-3.5516272083541947, -7.272977612474072, 222]
[-4.684178528002288, -3.7486517416493816, 178]
[2.891617194764322, -7.043180030040769, 801]
[2.3150346899363416, -7.2130677347829195, 732]
[-1.215285029683141, 1.3959444961018512, 957]
[7.000107288462914, -6.631921893998999, 1184]
[7.027544524712109, -6.415757098919963, 803]
[-1.2735641227380015, 0.3760174522566331, 2366]
[6.679672412559903, -6.96604677776983, 1106]
[6.793212216579644, -6.630033617051713, 2210]
